0.000000
0.000000
0.000000
0.000000
0.000000
0.000000
0.000000
0.000000
0.000000
0.000000
0.000000
0.000000
0.000000
0.000000
0.000000
0.000000
0.000000
0.000000
0.000000
0.000000
0.000000
0.000000
0.000000
0.000000
0.000000
0.000000
0.000000
0.000000
0.000000
0.000000
0.000000
0.000000
0.000000
0.000000
0.000000
0.000000
0.000000
0.000000
0.000000
0.000000
0.000000
0.000000
0.000000
0.000000
0.000000
0.000000
0.000000
0.000000
0.000000
0.000000
0.000000
0.000000
0.000000
0.000000
0.000000
0.000000
0.000000
0.000000
0.000000
0.000000
0.000000
0.000000
0.000000
0.000000
0.000000
0.000000
0.000000
0.000000
0.000000
0.000000
0.000000
0.000000
0.000000
0.000000
0.000000
0.000000
0.000000
0.000000
0.000000
0.000000
0.000000
0.000000
0.000000
0.000000
0.000000
0.000000
0.000000
0.000000
0.000000
0.000000
0.000000
0.000000
0.000000
0.000000
0.000000
0.000000
0.000000
0.000000
0.000000
0.000000
0.000000
0.000000
0.000000
0.000000
0.000000
0.000000
0.000000
0.000000
0.000000
0.000000
0.000000
0.000000
0.000000
0.000000
0.000000
0.000000
0.000000
0.000000
0.000000
0.000000
0.000000
0.000000
0.000000
0.000000
0.000000
0.000000
0.000000
0.000000
0.000000
0.000000
0.000000
0.000000
0.000000
0.000000
0.000000
0.000000
0.000000
0.000000
0.000000
0.000000
0.000000
0.000000
0.000000
0.000000
0.000000
0.000000
0.000000
0.000000
0.000000
0.000000
0.000000
0.000000
0.000000
0.000000
0.000000
0.000000
0.000000
0.000000
0.000000
0.000000
0.000000
0.000000
0.000000
0.000000
0.000000
0.000000
0.000000
0.000000
0.000000
0.000000
0.000000
0.000000
0.000000
0.000000
0.000000
0.000000
0.000000
0.000000
0.000000
0.000000
0.000000
0.000000
0.000000
0.000000
0.000000
0.000000
0.000000
0.000000
0.000000
0.000000
0.000000
0.000000
0.000000
0.000000
0.000000
0.000000
0.000000
0.000000
0.000000
0.000000
0.000000
0.000000
0.000000
0.000000
0.000000
0.000000
0.000000
0.000000
0.000000
0.000000
0.000000
0.000000
0.000000
0.000000
0.000000
0.000000
0.000000
0.000000
0.000000
0.000000
0.000000
0.000000
0.000000
0.000000
0.000000
0.000000
0.000000
0.000000
0.000000
0.000000
0.000000
0.000000
0.000000
0.000000
0.000000
0.000000
0.000000
0.000000
0.000000
0.000000
0.000000
0.000000
0.000000
0.000000
0.000000
0.000000
0.000000
0.000000
0.000000
0.000000
0.000000
0.000000
0.000000
0.000000
0.000000
0.000000
0.000000
0.000000
0.000000
0.000000
0.000000
0.000000
0.000000
0.000000
0.000000
0.000000
0.000000
0.000000
0.000000
0.000000
0.000000
0.000000
0.000000
0.000000
0.000000
0.000000
0.000000
0.000000
0.000000
0.000000
0.000000
0.000000
0.000000
0.000000
0.000000
0.000000
0.000000
0.000000
0.000000
0.000000
0.000000
0.000000
0.000000
0.000000
0.000000
0.000000
0.000000
0.000000
0.000000
0.000000
0.000000
0.000000
0.000000
0.000000
0.000000
0.000000
0.000000
0.000000
0.000000
0.000000
0.000000
0.000000
0.000000
0.000000
0.000000
0.000000
0.000000
0.000000
0.000000
0.000000
0.000000
0.000000
0.000000
0.000000
0.000000
0.000000
0.000000
0.000000
0.000000
0.000000
0.000000
0.000000
0.000000
0.000000
0.000000
0.000000
0.000000
0.000000
0.000000
0.000000
0.000000
0.000000
0.000000
0.000000
0.000000
0.000000
0.000000
0.000000
0.000000
0.000000
0.000000
0.000000
0.000000
0.000000
0.000000
0.000000
0.000000
0.000000
0.000000
0.000000
0.000000
0.000000
0.000000
0.000000
0.000000
0.000000
0.000000
0.000000
0.000000
1.000000
0.000000
0.000000
0.000000
0.000000
0.000000
0.000000
0.000000
0.000000
1.000000
0.000000
0.000000
0.000000
0.000000
0.000000
0.000000
0.000000
0.000000
1.000000
0.000000
0.000000
0.000000
0.000000
0.000000
0.000000
0.000000
0.000000
2.000000
0.000000
0.000000
0.000000
0.000000
0.000000
0.000000
0.000000
0.000000
2.000000
0.000000
0.000000
0.000000
0.000000
0.000000
0.000000
0.000000
0.000000
2.000000
0.000000
0.000000
0.000000
0.000000
0.000000
0.000000
0.000000
0.000000
2.000000
0.000000
0.000000
0.000000
0.000000
0.000000
0.000000
0.000000
0.000000
4.000000
24.000000
-409.000000
112.000000
-34699.000000
0.000000
-28.663752
15.957930
0.000000
5.000000
24.000000
-387.000000
103.000000
-34698.000000
0.000000
-45.026508
13.875003
0.000000
6.000000
24.000000
-363.000000
100.000000
-34702.000000
0.000000
-46.965714
17.186323
0.000000
7.000000
24.000000
-345.000000
82.000000
-34702.000000
0.000000
-48.848648
19.965021
0.000000
8.000000
24.000000
-328.000000
65.000000
-34699.000000
0.000000
-44.774475
22.732872
0.000000
9.000000
24.000000
-304.000000
75.000000
-34710.000000
0.000000
-47.135696
24.975128
0.000000
9.000000
24.000000
-286.000000
43.000000
-34716.000000
0.000000
-49.178047
29.715174
0.000000
10.000000
24.000000
-297.000000
-1.000000
-34718.000000
0.000000
-45.034615
23.857061
0.000000
11.000000
24.000000
-312.000000
12.000000
-34727.000000
0.000000
-44.312386
24.598755
0.000000
12.000000
24.000000
-290.000000
3.000000
-34727.000000
0.000000
-50.993713
27.883059
0.000000
13.000000
24.000000
-298.000000
10.000000
-34729.000000
0.000000
-51.115383
30.765190
0.000000
14.000000
24.000000
-293.000000
6.000000
-34737.000000
0.000000
-54.313702
38.941898
0.000000
14.000000
24.000000
-275.000000
22.000000
-34745.000000
0.000000
-54.777889
45.106037
0.000000
15.000000
24.000000
-255.000000
34.000000
-34738.000000
0.000000
-61.161182
48.019245
0.000000
16.000000
24.000000
-236.000000
29.000000
-34739.000000
0.000000
-65.511322
49.107384
0.000000
17.000000
24.000000
-237.000000
56.000000
-34746.000000
0.000000
-59.854073
46.676971
0.000000
18.000000
24.000000
-219.000000
49.000000
-34738.000000
0.000000
-63.943245
40.508022
0.000000
19.000000
24.000000
-223.000000
50.000000
-34754.000000
0.000000
-55.379860
42.400700
0.000000
20.000000
24.000000
-192.000000
49.000000
-34749.000000
0.000000
-66.467690
42.760208
0.000000
21.000000
24.000000
-213.000000
6.000000
-34770.000000
0.000000
-66.536499
42.581173
0.000000
22.000000
24.000000
-204.000000
39.000000
-34813.000000
0.000000
-45.635380
36.736511
0.000000
23.000000
24.000000
-185.000000
37.000000
-34797.000000
-21.000000
-42.147282
36.635098
0.000000
24.000000
24.000000
-185.000000
18.000000
-34814.000000
-21.000000
-39.616081
29.820171
0.000000
25.000000
24.000000
-153.000000
32.000000
-34814.000000
-21.000000
-39.046101
29.383198
0.000000
26.000000
24.000000
-124.000000
55.000000
-34805.000000
-21.000000
-54.803780
39.609081
0.000000
27.000000
24.000000
-126.000000
43.000000
-34824.000000
-21.000000
-51.207333
33.256729
0.000000
28.000000
24.000000
-137.000000
52.000000
-34823.000000
-24.000000
-54.777405
38.720959
0.000000
29.000000
24.000000
-104.000000
66.000000
-34810.000000
-22.000000
-44.270561
56.350471
0.000000
30.000000
24.000000
-131.000000
55.000000
-34828.000000
-25.000000
-40.334885
50.312325
0.000000
30.000000
24.000000
-119.000000
78.000000
-34864.000000
-17.000000
-36.232693
51.129448
0.000000
31.000000
24.000000
-142.000000
44.000000
-34880.000000
-7.000000
-35.998161
52.401680
0.000000
32.000000
24.000000
-132.000000
54.000000
-34872.000000
-8.000000
-22.357452
47.851189
0.000000
33.000000
24.000000
-126.000000
77.000000
-34890.000000
26.000000
-27.991955
48.545185
0.000000
34.000000
24.000000
-155.000000
35.000000
-34949.000000
7.000000
-31.368717
47.902691
0.000000
35.000000
24.000000
-127.000000
-19.000000
-34923.000000
2.000000
-32.066990
68.047302
0.000000
35.000000
24.000000
-122.000000
-30.000000
-34916.000000
-25.000000
-29.364895
58.950314
0.000000
36.000000
24.000000
-152.000000
-6.000000
-34942.000000
-24.000000
-23.740988
49.254272
0.000000
37.000000
24.000000
-120.000000
1.000000
-35018.000000
-23.000000
-47.541553
47.225613
0.000000
38.000000
24.000000
-137.000000
13.000000
-35131.000000
-11.000000
-71.344254
91.527016
0.000000
39.000000
24.000000
171.000000
-340.000000
-35123.000000
-11.000000
-86.991402
121.664742
0.000000
40.000000
24.000000
425.000000
-523.000000
-35083.000000
-10.000000
-80.932838
157.553818
0.000000
41.000000
24.000000
871.000000
-538.000000
-34990.000000
-10.000000
-135.776047
181.406006
0.000000
43.000000
24.000000
1254.000000
-335.000000
-35165.000000
-1.000000
-133.644913
180.565460
0.000000
43.000000
24.000000
1539.000000
60.000000
-35356.000000
-10.000000
-127.809952
6.293938
0.000000
43.000000
24.000000
1580.000000
480.000000
-35465.000000
-10.000000
-130.280533
-222.790924
0.000000
44.000000
24.000000
1517.000000
901.000000
-35628.000000
-10.000000
-170.042969
-300.867157
0.000000
45.000000
24.000000
443.000000
1036.000000
-36317.000000
-12.000000
-247.422562
-159.560074
0.000000
46.000000
24.000000
-255.000000
305.000000
-36719.000000
-13.000000
-342.313232
-102.676727
0.000000
47.000000
24.000000
-364.000000
275.000000
-36580.000000
-13.000000
-753.047852
95.122063
0.000000
48.000000
24.000000
-398.000000
316.000000
-36464.000000
-13.000000
-555.812683
201.384430
0.000000
49.000000
24.000000
-106.000000
271.000000
-36120.000000
-12.000000
-231.910812
93.253349
0.000000
50.000000
24.000000
288.000000
14.000000
-35746.000000
-6.000000
122.010170
115.733253
0.000000
51.000000
24.000000
868.000000
-377.000000
-35208.000000
19.000000
205.879410
63.975365
0.000000
52.000000
24.000000
1839.000000
-563.000000
-34531.000000
40.000000
59.984642
5.867549
0.000000
53.000000
24.000000
2499.000000
-378.000000
-34016.000000
70.000000
-155.773132
-180.802124
0.000000
54.000000
24.000000
2909.000000
164.000000
-33346.000000
74.000000
-66.419533
-255.865051
0.000000
56.000000
24.000000
2918.000000
1160.000000
-32707.000000
22.000000
-594.680054
-96.826447
0.000000
57.000000
24.000000
3350.000000
3672.000000
-31713.000000
68.000000
-457.974274
-83.380066
0.000000
58.000000
24.000000
4589.000000
5293.000000
-30741.000000
174.000000
220.470886
-271.409637
0.000000
59.000000
24.000000
5578.000000
5781.000000
-29951.000000
230.000000
864.074829
-386.731140
0.000000
60.000000
24.000000
5578.000000
5154.000000
-29483.000000
287.000000
527.923279
-266.072479
0.000000
61.000000
24.000000
5172.000000
4231.000000
-29142.000000
351.000000
285.655609
-161.339340
0.000000
62.000000
24.000000
4535.000000
3057.000000
-28843.000000
412.000000
168.413879
-78.051254
0.000000
63.000000
24.000000
3624.000000
2109.000000
-28573.000000
514.000000
97.620995
-0.991779
0.000000
64.000000
24.000000
2863.000000
1536.000000
-28342.000000
565.000000
52.791904
69.312294
0.000000
65.000000
24.000000
2296.000000
1138.000000
-28177.000000
647.000000
15.478659
120.170525
0.000000
66.000000
24.000000
1904.000000
884.000000
-28026.000000
674.000000
24.744429
151.405136
0.000000
67.000000
24.000000
1532.000000
457.000000
-27849.000000
696.000000
-39.521133
192.834641
0.000000
68.000000
24.000000
1321.000000
195.000000
-27642.000000
730.000000
-96.115829
251.512543
0.000000
69.000000
24.000000
1232.000000
-18.000000
-27455.000000
736.000000
-166.375748
328.035156
0.000000
69.000000
24.000000
1155.000000
-258.000000
-27299.000000
733.000000
-172.607010
340.431671
0.000000
70.000000
24.000000
1141.000000
-252.000000
-27212.000000
733.000000
-166.545334
373.691559
0.000000
71.000000
24.000000
1214.000000
-234.000000
-26945.000000
724.000000
-163.016449
353.680115
0.000000
72.000000
24.000000
1424.000000
-306.000000
-26770.000000
711.000000
-184.565735
424.678131
0.000000
73.000000
24.000000
1598.000000
-139.000000
-26605.000000
700.000000
-214.183029
425.941742
0.000000
73.000000
24.000000
1835.000000
-23.000000
-26264.000000
690.000000
-210.460297
371.365295
0.000000
74.000000
24.000000
1850.000000
-181.000000
-26109.000000
678.000000
-210.165604
389.526459
0.000000
75.000000
24.000000
1779.000000
42.000000
-25868.000000
668.000000
-210.297318
420.625244
0.000000
76.000000
24.000000
1734.000000
184.000000
-25746.000000
668.000000
-200.800583
366.288025
0.000000
77.000000
24.000000
1756.000000
213.000000
-25626.000000
657.000000
-215.767441
372.850739
0.000000
78.000000
24.000000
1705.000000
231.000000
-25576.000000
642.000000
-191.825119
306.209564
0.000000
79.000000
24.000000
1711.000000
139.000000
-25564.000000
627.000000
-222.787262
285.000580
0.000000
80.000000
24.000000
1715.000000
3.000000
-25585.000000
621.000000
-232.636719
236.709824
0.000000
81.000000
24.000000
1578.000000
-165.000000
-25603.000000
614.000000
-211.359512
309.987000
0.000000
82.000000
24.000000
1487.000000
-194.000000
-25630.000000
605.000000
-206.328720
274.634949
0.000000
83.000000
24.000000
1218.000000
-106.000000
-25676.000000
603.000000
-197.467987
298.071442
0.000000
84.000000
24.000000
973.000000
-73.000000
-25709.000000
600.000000
-248.868332
269.314972
0.000000
85.000000
24.000000
799.000000
-20.000000
-25695.000000
603.000000
-260.532410
275.563019
0.000000
86.000000
24.000000
775.000000
133.000000
-25749.000000
614.000000
-244.446381
302.133820
0.000000
87.000000
24.000000
827.000000
284.000000
-25780.000000
631.000000
-229.385803
302.284760
0.000000
89.000000
24.000000
845.000000
403.000000
-25769.000000
628.000000
-237.332916
296.793060
0.000000
90.000000
24.000000
783.000000
505.000000
-25728.000000
638.000000
-226.901291
282.074371
0.000000
90.000000
24.000000
704.000000
519.000000
-25685.000000
645.000000
-263.043854
390.383057
0.000000
90.000000
24.000000
694.000000
509.000000
-25661.000000
660.000000
-272.677856
383.751617
0.000000
91.000000
24.000000
656.000000
493.000000
-25651.000000
660.000000
-284.360779
356.379211
0.000000
92.000000
24.000000
454.000000
327.000000
-25639.000000
675.000000
-283.754120
313.788391
0.000000
93.000000
24.000000
250.000000
107.000000
-25634.000000
677.000000
-210.640335
297.930847
0.000000
94.000000
24.000000
-35.000000
-67.000000
-25650.000000
693.000000
-240.779938
292.529083
0.000000
95.000000
24.000000
-119.000000
-212.000000
-25669.000000
693.000000
-252.794342
277.010437
0.000000
96.000000
24.000000
-42.000000
-283.000000
-25717.000000
698.000000
-223.424515
278.677795
0.000000
97.000000
24.000000
0.000000
-288.000000
-25751.000000
723.000000
-221.745682
255.207550
0.000000
98.000000
24.000000
-56.000000
-324.000000
-25806.000000
702.000000
-223.568390
234.993927
0.000000
98.000000
24.000000
-114.000000
-354.000000
-25834.000000
702.000000
-215.775131
237.158737
0.000000
99.000000
24.000000
-203.000000
-378.000000
-25857.000000
701.000000
-197.992233
230.437119
0.000000
100.000000
24.000000
-415.000000
-472.000000
-25942.000000
707.000000
-199.264145
201.405304
0.000000
100.000000
24.000000
-428.000000
-472.000000
-25965.000000
711.000000
-214.559769
198.683441
0.000000
101.000000
24.000000
-416.000000
-483.000000
-25992.000000
712.000000
-220.651382
199.534622
0.000000
102.000000
24.000000
-356.000000
-472.000000
-26037.000000
707.000000
-201.750137
224.253738
0.000000
103.000000
24.000000
-309.000000
-467.000000
-26051.000000
711.000000
-180.069107
190.713089
0.000000
104.000000
24.000000
-221.000000
-554.000000
-25953.000000
733.000000
-190.675110
166.234680
0.000000
105.000000
24.000000
-113.000000
-400.000000
-25433.000000
724.000000
-175.565567
198.762741
0.000000
106.000000
24.000000
-47.000000
-474.000000
-24616.000000
719.000000
-154.719635
164.431107
0.000000
106.000000
24.000000
48.000000
-439.000000
-23689.000000
720.000000
-166.588181
190.408157
0.000000
107.000000
24.000000
220.000000
-329.000000
-22475.000000
735.000000
-172.190216
219.145691
0.000000
108.000000
24.000000
254.000000
-232.000000
-20984.000000
717.000000
-130.375427
180.011658
0.000000
109.000000
24.000000
250.000000
-11.000000
-19304.000000
698.000000
-146.750244
173.295090
0.000000
111.000000
24.000000
174.000000
-18.000000
-17463.000000
698.000000
-106.398697
149.881760
0.000000
111.000000
24.000000
161.000000
136.000000
-15771.000000
722.000000
-101.696495
89.564308
0.000000
112.000000
24.000000
261.000000
270.000000
-14398.000000
711.000000
-169.303467
107.227600
0.000000
113.000000
24.000000
354.000000
255.000000
-13019.000000
711.000000
-173.725266
147.254929
0.000000
114.000000
24.000000
327.000000
333.000000
-11181.000000
709.000000
-111.099220
156.665863
0.000000
115.000000
24.000000
265.000000
431.000000
-9194.000000
643.000000
-108.712280
153.357025
0.000000
116.000000
24.000000
317.000000
886.000000
-7528.000000
622.000000
-99.798767
165.990921
0.000000
117.000000
24.000000
590.000000
1220.000000
-5975.000000
562.000000
-95.963974
147.204651
0.000000
119.000000
24.000000
786.000000
1281.000000
-4113.000000
532.000000
-89.555206
144.460022
0.000000
119.000000
24.000000
751.000000
1196.000000
-2708.000000
505.000000
-80.845016
136.929840
0.000000
120.000000
24.000000
713.000000
872.000000
-1154.000000
477.000000
-86.458664
129.490585
0.000000
121.000000
24.000000
798.000000
657.000000
692.000000
422.000000
-86.792015
152.504227
0.000000
122.000000
24.000000
980.000000
519.000000
2237.000000
396.000000
-85.304695
183.039017
0.000000
123.000000
24.000000
1159.000000
413.000000
3764.000000
375.000000
-155.063736
180.570206
0.000000
124.000000
24.000000
1273.000000
315.000000
5227.000000
335.000000
-85.096176
184.894775
0.000000
125.000000
24.000000
1237.000000
18.000000
6771.000000
315.000000
-52.964081
226.827408
0.000000
126.000000
24.000000
1111.000000
-358.000000
8135.000000
298.000000
-33.666595
241.623627
0.000000
127.000000
24.000000
567.000000
-687.000000
9316.000000
287.000000
-84.206581
232.141129
0.000000
128.000000
24.000000
402.000000
-735.000000
10324.000000
287.000000
-58.795055
243.112534
0.000000
129.000000
24.000000
613.000000
-571.000000
11101.000000
287.000000
-54.653347
225.210922
0.000000
130.000000
24.000000
1049.000000
-263.000000
11780.000000
287.000000
-67.863739
179.673126
0.000000
131.000000
24.000000
1037.000000
-16.000000
12327.000000
253.000000
-61.256992
164.498230
0.000000
132.000000
24.000000
242.000000
88.000000
12745.000000
243.000000
-73.877533
168.323151
0.000000
133.000000
24.000000
-787.000000
111.000000
13050.000000
235.000000
-41.680191
187.870728
0.000000
134.000000
24.000000
-1266.000000
121.000000
13239.000000
229.000000
-58.036270
187.536530
0.000000
135.000000
24.000000
-1323.000000
76.000000
13346.000000
224.000000
-42.344971
201.844711
0.000000
136.000000
24.000000
-1295.000000
114.000000
13393.000000
219.000000
-37.968113
181.476776
0.000000
137.000000
24.000000
-1141.000000
245.000000
13360.000000
204.000000
-37.057846
167.302490
0.000000
138.000000
24.000000
-969.000000
234.000000
13278.000000
197.000000
-35.135990
145.248062
0.000000
139.000000
24.000000
-670.000000
271.000000
13103.000000
196.000000
-41.635986
132.111801
0.000000
140.000000
24.000000
17.000000
321.000000
12874.000000
198.000000
-43.636471
115.245865
0.000000
141.000000
24.000000
522.000000
253.000000
12578.000000
205.000000
-55.302387
87.029846
0.000000
143.000000
24.000000
939.000000
369.000000
12162.000000
207.000000
-51.449764
98.446159
0.000000
143.000000
24.000000
1064.000000
298.000000
11867.000000
213.000000
-51.014091
95.552048
0.000000
144.000000
24.000000
817.000000
195.000000
11533.000000
214.000000
-44.191395
94.189369
0.000000
145.000000
24.000000
579.000000
112.000000
11264.000000
220.000000
-47.666218
99.811745
0.000000
146.000000
24.000000
346.000000
23.000000
10939.000000
230.000000
-62.080303
97.214401
0.000000
147.000000
24.000000
63.000000
-64.000000
10555.000000
224.000000
-80.278252
84.010643
0.000000
148.000000
24.000000
-294.000000
-197.000000
10133.000000
226.000000
-67.727272
88.403313
0.000000
149.000000
24.000000
-686.000000
-229.000000
9682.000000
229.000000
-82.340134
75.386917
0.000000
150.000000
24.000000
-803.000000
-200.000000
9395.000000
238.000000
-85.523819
85.091766
0.000000
151.000000
24.000000
-842.000000
-152.000000
9086.000000
230.000000
-76.309868
92.626152
0.000000
152.000000
24.000000
-892.000000
-44.000000
8677.000000
237.000000
-50.800945
88.857491
0.000000
153.000000
24.000000
-798.000000
5.000000
8237.000000
236.000000
-38.106598
74.804230
0.000000
154.000000
24.000000
-617.000000
167.000000
7826.000000
236.000000
-52.193501
70.277222
0.000000
155.000000
24.000000
-570.000000
296.000000
7445.000000
238.000000
-37.896053
75.014702
0.000000
156.000000
24.000000
-616.000000
398.000000
7098.000000
241.000000
-41.856667
54.535980
0.000000
157.000000
24.000000
-632.000000
487.000000
6768.000000
242.000000
-34.810974
44.731556
0.000000
158.000000
24.000000
-671.000000
548.000000
6355.000000
250.000000
-13.951550
67.887741
0.000000
159.000000
24.000000
-799.000000
477.000000
5930.000000
251.000000
-24.805975
42.148693
0.000000
160.000000
24.000000
-976.000000
233.000000
5606.000000
252.000000
-77.106651
-4.107213
0.000000
161.000000
24.000000
-1100.000000
36.000000
5176.000000
254.000000
-57.277370
25.264433
0.000000
162.000000
24.000000
-1082.000000
0.000000
4834.000000
256.000000
-14.756677
33.725883
0.000000
163.000000
24.000000
-1037.000000
-138.000000
4533.000000
259.000000
30.285736
81.311546
0.000000
165.000000
24.000000
-931.000000
-162.000000
4145.000000
259.000000
157.542938
172.298691
0.000000
165.000000
24.000000
-807.000000
-125.000000
3820.000000
260.000000
169.120697
156.313522
0.000000
167.000000
24.000000
-818.000000
-63.000000
3513.000000
260.000000
138.886002
126.367874
0.000000
167.000000
24.000000
-973.000000
-30.000000
3393.000000
259.000000
126.888344
114.154816
0.000000
168.000000
24.000000
-1007.000000
-1.000000
3294.000000
259.000000
100.366783
92.945206
0.000000
169.000000
24.000000
-962.000000
174.000000
3003.000000
261.000000
9.167692
29.715019
0.000000
170.000000
24.000000
-1252.000000
158.000000
2794.000000
260.000000
-33.389370
-31.780033
0.000000
171.000000
24.000000
-1673.000000
203.000000
2580.000000
259.000000
-16.179213
-16.149200
0.000000
172.000000
24.000000
-1947.000000
232.000000
2354.000000
261.000000
79.852051
61.314487
0.000000
173.000000
24.000000
-1888.000000
293.000000
2124.000000
262.000000
65.080429
28.740438
0.000000
174.000000
24.000000
-1284.000000
387.000000
1839.000000
262.000000
3.453131
-16.470491
0.000000
175.000000
24.000000
-915.000000
205.000000
1571.000000
263.000000
23.865879
-43.775581
0.000000
176.000000
24.000000
-978.000000
126.000000
1360.000000
265.000000
62.897686
-27.336361
0.000000
177.000000
24.000000
-626.000000
44.000000
1072.000000
265.000000
61.911282
-33.671761
0.000000
178.000000
24.000000
-430.000000
-122.000000
779.000000
266.000000
178.253479
52.593456
0.000000
179.000000
24.000000
-681.000000
-220.000000
528.000000
265.000000
180.747055
82.132263
0.000000
180.000000
24.000000
-713.000000
-181.000000
213.000000
265.000000
146.588440
66.630089
0.000000
182.000000
24.000000
-854.000000
-172.000000
-31.000000
268.000000
198.110489
118.246750
0.000000
182.000000
24.000000
-653.000000
-69.000000
-228.000000
264.000000
147.969025
83.097496
0.000000
183.000000
24.000000
-497.000000
-32.000000
-459.000000
260.000000
159.928482
53.378319
0.000000
184.000000
24.000000
-712.000000
-18.000000
-590.000000
260.000000
161.047653
61.520485
0.000000
186.000000
24.000000
-1059.000000
-35.000000
-748.000000
260.000000
104.289146
16.742691
0.000000
187.000000
24.000000
-1037.000000
67.000000
-929.000000
257.000000
19.265425
-72.044907
0.000000
187.000000
24.000000
-731.000000
220.000000
-1103.000000
255.000000
100.336655
-83.463799
0.000000
188.000000
24.000000
-513.000000
264.000000
-1319.000000
257.000000
186.267807
28.557219
0.000000
190.000000
24.000000
-88.000000
342.000000
-1577.000000
256.000000
130.042603
12.512316
0.000000
191.000000
24.000000
251.000000
188.000000
-1855.000000
253.000000
149.078110
29.512875
0.000000
191.000000
24.000000
511.000000
96.000000
-2145.000000
252.000000
127.796669
5.501827
0.000000
193.000000
24.000000
654.000000
-89.000000
-2455.000000
251.000000
73.420853
-33.196110
0.000000
194.000000
24.000000
779.000000
-241.000000
-2771.000000
252.000000
55.513592
-46.824848
0.000000
195.000000
24.000000
812.000000
-230.000000
-3082.000000
254.000000
89.126968
9.123611
0.000000
195.000000
24.000000
805.000000
-204.000000
-3369.000000
253.000000
154.607971
74.140823
0.000000
197.000000
24.000000
760.000000
-155.000000
-3597.000000
253.000000
147.111404
81.597534
0.000000
198.000000
24.000000
662.000000
-94.000000
-3839.000000
247.000000
136.663147
80.378990
0.000000
198.000000
24.000000
555.000000
-61.000000
-4067.000000
246.000000
120.333176
64.124428
0.000000
199.000000
24.000000
453.000000
48.000000
-4362.000000
243.000000
64.397499
47.198643
0.000000
201.000000
24.000000
401.000000
184.000000
-4656.000000
242.000000
53.040527
42.993179
0.000000
202.000000
24.000000
359.000000
228.000000
-4907.000000
247.000000
55.172798
37.912361
0.000000
203.000000
24.000000
305.000000
315.000000
-5198.000000
245.000000
67.215950
59.057121
0.000000
203.000000
24.000000
186.000000
267.000000
-5488.000000
242.000000
31.293232
1.904956
0.000000
204.000000
24.000000
-1.000000
132.000000
-5751.000000
240.000000
-1.892506
-31.032808
0.000000
206.000000
24.000000
-78.000000
167.000000
-6039.000000
241.000000
10.582584
-6.707859
0.000000
207.000000
24.000000
-134.000000
74.000000
-6364.000000
241.000000
24.792351
27.134073
0.000000
207.000000
24.000000
-253.000000
-26.000000
-6673.000000
240.000000
45.394302
42.237144
0.000000
208.000000
24.000000
-367.000000
-192.000000
-6983.000000
241.000000
41.954380
40.667793
0.000000
209.000000
24.000000
-463.000000
-210.000000
-7248.000000
245.000000
38.142181
36.781219
0.000000
211.000000
24.000000
-414.000000
-146.000000
-7552.000000
242.000000
43.085083
40.955357
0.000000
212.000000
24.000000
-314.000000
-85.000000
-7839.000000
240.000000
45.838207
43.293030
0.000000
212.000000
24.000000
-188.000000
-36.000000
-8082.000000
237.000000
-1.134571
-11.615334
0.000000
214.000000
24.000000
-96.000000
-43.000000
-8343.000000
234.000000
-59.028519
-96.168205
0.000000
215.000000
24.000000
-68.000000
-82.000000
-8582.000000
235.000000
-55.204910
-83.352989
0.000000
216.000000
24.000000
15.000000
6.000000
-8855.000000
245.000000
-44.885536
-42.747963
0.000000
217.000000
24.000000
117.000000
-49.000000
-9172.000000
216.000000
-7.909568
-26.702093
0.000000
218.000000
24.000000
113.000000
16.000000
-9471.000000
216.000000
25.747458
13.565597
0.000000
219.000000
24.000000
198.000000
54.000000
-9764.000000
214.000000
45.487995
53.572426
0.000000
220.000000
24.000000
245.000000
110.000000
-10034.000000
219.000000
36.730934
37.359962
0.000000
220.000000
24.000000
240.000000
256.000000
-10330.000000
222.000000
19.381649
26.374931
0.000000
222.000000
24.000000
173.000000
98.000000
-10600.000000
225.000000
22.892996
21.069349
0.000000
223.000000
24.000000
100.000000
27.000000
-10879.000000
229.000000
35.012436
34.553772
0.000000
224.000000
24.000000
-21.000000
-70.000000
-11200.000000
223.000000
42.693054
41.429951
0.000000
225.000000
24.000000
-170.000000
-67.000000
-11521.000000
225.000000
23.727865
54.117577
0.000000
226.000000
24.000000
-343.000000
-83.000000
-11787.000000
236.000000
39.175720
58.500607
0.000000
227.000000
24.000000
-440.000000
-80.000000
-12077.000000
242.000000
42.357594
50.263847
0.000000
228.000000
24.000000
-487.000000
-6.000000
-12345.000000
220.000000
22.004164
38.095966
0.000000
228.000000
24.000000
-452.000000
-42.000000
-12578.000000
219.000000
-30.551764
-29.360525
0.000000
230.000000
24.000000
-472.000000
32.000000
-12898.000000
227.000000
-49.377159
-73.295013
0.000000
231.000000
24.000000
-435.000000
71.000000
-13146.000000
226.000000
-45.139595
-70.919518
0.000000
232.000000
24.000000
-400.000000
87.000000
-13383.000000
232.000000
-33.323242
-75.817383
0.000000
233.000000
24.000000
-393.000000
99.000000
-13646.000000
235.000000
-4.836440
-38.027042
0.000000
234.000000
24.000000
-426.000000
89.000000
-13908.000000
241.000000
25.220028
21.220463
0.000000
235.000000
24.000000
-476.000000
44.000000
-14168.000000
241.000000
46.302231
56.279602
0.000000
236.000000
24.000000
-605.000000
39.000000
-14480.000000
239.000000
46.089092
27.903162
0.000000
237.000000
24.000000
-713.000000
75.000000
-14804.000000
237.000000
49.009335
37.486431
0.000000
238.000000
24.000000
-798.000000
172.000000
-15148.000000
243.000000
50.414520
63.754360
0.000000
239.000000
24.000000
-856.000000
300.000000
-15499.000000
225.000000
51.677906
53.660892
0.000000
240.000000
24.000000
-787.000000
273.000000
-15823.000000
229.000000
49.858742
34.591919
0.000000
241.000000
24.000000
-657.000000
224.000000
-16190.000000
216.000000
54.104076
18.503784
0.000000
242.000000
24.000000
-407.000000
178.000000
-16547.000000
210.000000
74.527534
41.802326
0.000000
243.000000
24.000000
-152.000000
63.000000
-16845.000000
205.000000
26.491739
-3.797706
0.000000
244.000000
24.000000
202.000000
77.000000
-17167.000000
197.000000
7.574198
-9.761880
0.000000
245.000000
24.000000
602.000000
132.000000
-17435.000000
193.000000
-38.763954
-119.317856
0.000000
246.000000
24.000000
802.000000
182.000000
-17755.000000
196.000000
-69.443947
-185.375977
0.000000
247.000000
24.000000
718.000000
81.000000
-18096.000000
197.000000
-38.736130
-104.818253
0.000000
249.000000
24.000000
450.000000
-244.000000
-18461.000000
196.000000
-14.270267
-60.813255
0.000000
250.000000
24.000000
264.000000
-509.000000
-18810.000000
196.000000
2.309283
-20.814074
0.000000
251.000000
24.000000
183.000000
-691.000000
-19184.000000
202.000000
9.037776
23.602907
0.000000
252.000000
24.000000
98.000000
-794.000000
-19527.000000
206.000000
-2.260112
18.530067
0.000000
253.000000
24.000000
67.000000
-897.000000
-19878.000000
206.000000
-4.739777
1.284068
0.000000
253.000000
24.000000
29.000000
-880.000000
-20164.000000
208.000000
19.738489
21.796736
0.000000
255.000000
24.000000
17.000000
-843.000000
-20548.000000
206.000000
29.181244
27.504061
0.000000
256.000000
24.000000
-62.000000
-853.000000
-20909.000000
211.000000
27.901064
15.148349
0.000000
257.000000
24.000000
-112.000000
-795.000000
-21283.000000
210.000000
21.523048
22.161205
0.000000
258.000000
24.000000
-106.000000
-745.000000
-21706.000000
209.000000
20.483675
-9.530926
0.000000
259.000000
24.000000
-46.000000
-590.000000
-22068.000000
210.000000
18.315735
-15.201711
0.000000
260.000000
24.000000
11.000000
-562.000000
-22451.000000
209.000000
16.196793
-21.707605
0.000000
261.000000
24.000000
83.000000
-521.000000
-22789.000000
214.000000
24.744801
-25.766088
0.000000
262.000000
24.000000
82.000000
-553.000000
-23177.000000
211.000000
15.525900
-30.089758
0.000000
262.000000
24.000000
95.000000
-594.000000
-23565.000000
215.000000
3.763769
-25.806417
0.000000
264.000000
24.000000
119.000000
-531.000000
-23936.000000
213.000000
-0.070293
-35.025089
0.000000
265.000000
24.000000
79.000000
-484.000000
-24342.000000
215.000000
-3.307737
-33.377361
0.000000
266.000000
24.000000
103.000000
-425.000000
-24659.000000
220.000000
16.034124
-18.625267
0.000000
267.000000
24.000000
99.000000
-478.000000
-24974.000000
220.000000
20.161104
-11.837441
0.000000
268.000000
24.000000
65.000000
-427.000000
-25282.000000
220.000000
10.489331
-2.531923
0.000000
269.000000
24.000000
-75.000000
-390.000000
-25627.000000
217.000000
20.433113
-15.972460
0.000000
270.000000
24.000000
-122.000000
-366.000000
-25922.000000
218.000000
13.789925
16.204977
0.000000
271.000000
24.000000
-120.000000
-285.000000
-26262.000000
223.000000
13.242936
12.631505
0.000000
272.000000
24.000000
-291.000000
-161.000000
-26572.000000
215.000000
12.510602
6.407623
0.000000
273.000000
23.000000
-1110.000000
-42.000000
-26872.000000
216.000000
53.489902
112.635887
0.000000
274.000000
23.000000
-1690.000000
11.000000
-27066.000000
220.000000
47.171875
98.844742
0.000000
275.000000
23.000000
-2078.000000
46.000000
-27252.000000
218.000000
41.863605
49.140411
0.000000
276.000000
23.000000
-1909.000000
19.000000
-27406.000000
220.000000
23.011024
-7.705240
0.000000
277.000000
23.000000
-1981.000000
-193.000000
-27532.000000
218.000000
46.556229
-35.886837
0.000000
278.000000
23.000000
-2169.000000
-331.000000
-27631.000000
218.000000
72.920891
-38.941998
0.000000
279.000000
23.000000
-2320.000000
-260.000000
-27728.000000
219.000000
75.750702
-29.900963
0.000000
280.000000
23.000000
-2321.000000
-241.000000
-27788.000000
209.000000
73.552284
-30.964592
0.000000
281.000000
23.000000
-2260.000000
-181.000000
-27814.000000
207.000000
82.852707
-65.388222
0.000000
282.000000
23.000000
-2051.000000
-117.000000
-27828.000000
206.000000
104.744545
-58.057243
0.000000
283.000000
23.000000
-1927.000000
-167.000000
-27795.000000
205.000000
114.630943
-145.817459
0.000000
284.000000
23.000000
-1870.000000
-369.000000
-27747.000000
205.000000
135.871872
-187.551407
0.000000
285.000000
23.000000
-1378.000000
-379.000000
-27719.000000
206.000000
135.846359
-186.322113
0.000000
286.000000
23.000000
-577.000000
-434.000000
-27661.000000
206.000000
61.248859
-452.749908
0.000000
287.000000
23.000000
299.000000
-656.000000
-27551.000000
201.000000
108.326035
-375.786377
0.000000
288.000000
23.000000
736.000000
-853.000000
-27461.000000
205.000000
184.098373
-139.764984
0.000000
289.000000
23.000000
1041.000000
-940.000000
-27361.000000
205.000000
185.686691
-78.857170
0.000000
290.000000
23.000000
1233.000000
-851.000000
-27243.000000
206.000000
183.356018
-16.618212
0.000000
291.000000
23.000000
1380.000000
-747.000000
-27090.000000
208.000000
181.381989
5.512900
0.000000
292.000000
23.000000
1361.000000
-619.000000
-26963.000000
204.000000
129.555023
5.893663
0.000000
294.000000
23.000000
1298.000000
-155.000000
-26859.000000
206.000000
120.080925
13.300865
0.000000
294.000000
23.000000
1020.000000
204.000000
-26825.000000
204.000000
123.714378
10.657680
0.000000
295.000000
23.000000
375.000000
512.000000
-26798.000000
211.000000
125.271942
21.696724
0.000000
295.000000
23.000000
-266.000000
390.000000
-26768.000000
211.000000
135.547607
-17.230516
0.000000
296.000000
23.000000
-952.000000
384.000000
-26743.000000
205.000000
135.007126
-31.127661
0.000000
296.000000
23.000000
-1464.000000
478.000000
-26707.000000
208.000000
118.179153
-27.422651
0.000000
297.000000
23.000000
-1847.000000
378.000000
-26711.000000
208.000000
111.894646
-1.523041
0.000000
298.000000
23.000000
-2219.000000
620.000000
-26702.000000
206.000000
107.740540
27.989414
0.000000
298.000000
23.000000
-2412.000000
991.000000
-26685.000000
208.000000
107.463699
49.766254
0.000000
299.000000
23.000000
-2606.000000
1321.000000
-26689.000000
206.000000
119.273788
49.037014
0.000000
299.000000
23.000000
-2693.000000
1699.000000
-26695.000000
206.000000
131.913681
37.891811
0.000000
300.000000
23.000000
-2823.000000
1522.000000
-26700.000000
217.000000
139.305695
14.392477
0.000000
300.000000
23.000000
-2930.000000
1073.000000
-26684.000000
215.000000
149.393158
-26.723429
0.000000
301.000000
23.000000
-2944.000000
667.000000
-26669.000000
232.000000
152.258316
-30.837959
0.000000
301.000000
23.000000
-2855.000000
143.000000
-26701.000000
232.000000
159.780441
-20.970036
0.000000
302.000000
23.000000
-2711.000000
-280.000000
-26721.000000
244.000000
177.796127
-12.572898
0.000000
302.000000
23.000000
-2570.000000
-264.000000
-26726.000000
238.000000
199.727539
14.143456
0.000000
303.000000
23.000000
-2366.000000
56.000000
-26760.000000
238.000000
221.871246
34.205879
0.000000
304.000000
23.000000
-2155.000000
326.000000
-26770.000000
242.000000
193.813522
-47.824619
0.000000
304.000000
23.000000
-1933.000000
508.000000
-26773.000000
242.000000
153.555679
-143.603622
0.000000
304.000000
23.000000
-1719.000000
589.000000
-26789.000000
242.000000
128.073395
-236.510620
0.000000
304.000000
23.000000
-1568.000000
298.000000
-26818.000000
251.000000
111.282906
-331.872528
0.000000
305.000000
23.000000
-1403.000000
305.000000
-26812.000000
251.000000
132.470078
-354.328156
0.000000
305.000000
23.000000
-1200.000000
600.000000
-26802.000000
258.000000
114.285126
-359.682556
0.000000
306.000000
23.000000
-1074.000000
753.000000
-26801.000000
258.000000
106.474075
-355.963531
0.000000
306.000000
23.000000
-1005.000000
600.000000
-26819.000000
266.000000
126.618156
-335.798828
0.000000
307.000000
23.000000
-1032.000000
452.000000
-26831.000000
276.000000
137.431229
-316.666107
0.000000
307.000000
23.000000
-1082.000000
491.000000
-26818.000000
276.000000
158.395218
-266.253479
0.000000
308.000000
23.000000
-1155.000000
483.000000
-26811.000000
291.000000
193.856354
-103.841072
0.000000
308.000000
23.000000
-1248.000000
331.000000
-26814.000000
304.000000
210.887772
-31.838385
0.000000
309.000000
23.000000
-1293.000000
182.000000
-26802.000000
304.000000
202.329163
4.028080
0.000000
309.000000
23.000000
-1383.000000
114.000000
-26806.000000
315.000000
198.556244
41.069427
0.000000
310.000000
23.000000
-1461.000000
306.000000
-26805.000000
323.000000
209.464310
86.422256
0.000000
310.000000
23.000000
-1517.000000
565.000000
-26805.000000
335.000000
220.697464
102.968430
0.000000
311.000000
23.000000
-1614.000000
429.000000
-26810.000000
335.000000
218.229797
85.856201
0.000000
312.000000
23.000000
-1710.000000
105.000000
-26800.000000
342.000000
220.954132
64.272209
0.000000
312.000000
23.000000
-1768.000000
-137.000000
-26798.000000
354.000000
224.163010
83.122086
0.000000
312.000000
23.000000
-1825.000000
-421.000000
-26800.000000
354.000000
251.936874
88.759285
0.000000
313.000000
23.000000
-1884.000000
-865.000000
-26783.000000
362.000000
278.601685
87.999222
0.000000
313.000000
23.000000
-1965.000000
-1124.000000
-26793.000000
370.000000
277.091400
94.628845
0.000000
314.000000
23.000000
-2045.000000
-1357.000000
-26798.000000
370.000000
281.684540
105.119576
0.000000
315.000000
23.000000
-2160.000000
-1648.000000
-26803.000000
391.000000
284.885162
85.982536
0.000000
315.000000
23.000000
-2265.000000
-1901.000000
-26806.000000
374.000000
288.623932
50.857258
0.000000
316.000000
23.000000
-2330.000000
-2030.000000
-26810.000000
374.000000
279.091888
34.173832
0.000000
316.000000
23.000000
-2420.000000
-2197.000000
-26805.000000
389.000000
283.676086
14.916945
0.000000
317.000000
23.000000
-2532.000000
-2254.000000
-26825.000000
400.000000
329.777466
12.571846
0.000000
317.000000
23.000000
-2588.000000
-2261.000000
-26828.000000
386.000000
350.398407
-3.545088
0.000000
317.000000
23.000000
-2639.000000
-2266.000000
-26848.000000
386.000000
329.486023
11.267725
0.000000
318.000000
23.000000
-2671.000000
-2186.000000
-26868.000000
382.000000
335.949280
9.463985
0.000000
319.000000
23.000000
-2700.000000
-2058.000000
-26881.000000
383.000000
350.823944
2.656980
0.000000
319.000000
23.000000
-2676.000000
-1539.000000
-26900.000000
383.000000
359.976532
-0.030468
0.000000
320.000000
23.000000
-2620.000000
-1283.000000
-26913.000000
384.000000
380.524017
-17.428644
0.000000
320.000000
23.000000
-2508.000000
-1298.000000
-26927.000000
384.000000
380.392029
-62.692104
0.000000
321.000000
23.000000
-2406.000000
-1267.000000
-26944.000000
384.000000
392.688354
-58.846416
0.000000
321.000000
23.000000
-2217.000000
-785.000000
-26931.000000
383.000000
398.114349
-33.972790
0.000000
322.000000
23.000000
-2049.000000
-217.000000
-26923.000000
378.000000
398.245880
-28.389702
0.000000
322.000000
23.000000
-1933.000000
91.000000
-26930.000000
378.000000
399.287537
-47.131855
0.000000
323.000000
23.000000
-1730.000000
528.000000
-26953.000000
378.000000
417.451721
-48.127495
0.000000
323.000000
23.000000
-1604.000000
856.000000
-26950.000000
390.000000
414.144257
-25.526493
0.000000
324.000000
23.000000
-1441.000000
1278.000000
-26953.000000
377.000000
415.996613
3.282057
0.000000
324.000000
23.000000
-1348.000000
1495.000000
-26950.000000
377.000000
416.729767
19.410921
0.000000
325.000000
23.000000
-1213.000000
1668.000000
-26967.000000
363.000000
449.822723
32.185253
0.000000
325.000000
23.000000
-1140.000000
1662.000000
-26975.000000
371.000000
437.905640
45.936428
0.000000
326.000000
23.000000
-1060.000000
1327.000000
-26988.000000
371.000000
443.989532
37.185104
0.000000
326.000000
23.000000
-1027.000000
946.000000
-26987.000000
373.000000
433.751068
49.376785
0.000000
327.000000
23.000000
-1001.000000
579.000000
-26972.000000
373.000000
426.777924
73.791924
0.000000
327.000000
23.000000
-1044.000000
-125.000000
-26948.000000
373.000000
431.495422
113.454048
0.000000
328.000000
23.000000
-1029.000000
-526.000000
-26919.000000
348.000000
434.342590
107.565536
0.000000
328.000000
23.000000
-1049.000000
-930.000000
-26893.000000
348.000000
480.271759
82.326439
0.000000
328.000000
23.000000
-1132.000000
-1264.000000
-26868.000000
336.000000
475.008850
78.944885
0.000000
329.000000
23.000000
-1180.000000
-1614.000000
-26837.000000
336.000000
476.088257
114.821617
0.000000
329.000000
23.000000
-1256.000000
-1875.000000
-26788.000000
325.000000
484.033813
135.859848
0.000000
330.000000
23.000000
-1309.000000
-1886.000000
-26727.000000
318.000000
508.247192
100.694855
0.000000
330.000000
23.000000
-1290.000000
-1887.000000
-26703.000000
318.000000
512.575745
59.199100
0.000000
331.000000
23.000000
-1275.000000
-2056.000000
-26685.000000
313.000000
449.117615
-6.682794
0.000000
331.000000
23.000000
-1223.000000
-2199.000000
-26688.000000
312.000000
375.715454
-28.349371
0.000000
332.000000
23.000000
-1239.000000
-2283.000000
-26675.000000
312.000000
335.888977
-64.078316
0.000000
332.000000
23.000000
-1430.000000
-1948.000000
-26640.000000
310.000000
314.725555
-63.984993
0.000000
333.000000
23.000000
-1712.000000
-1085.000000
-26599.000000
314.000000
318.911346
-112.151909
0.000000
334.000000
23.000000
-1946.000000
-286.000000
-26608.000000
314.000000
314.352081
-91.516571
0.000000
334.000000
23.000000
-2217.000000
214.000000
-26645.000000
314.000000
323.842468
-97.901329
0.000000
334.000000
23.000000
-2338.000000
736.000000
-26650.000000
313.000000
339.667175
-84.991257
0.000000
335.000000
23.000000
-2342.000000
1167.000000
-26682.000000
308.000000
329.011383
-77.440796
0.000000
336.000000
23.000000
-2296.000000
1500.000000
-26707.000000
308.000000
336.905945
-73.390144
0.000000
336.000000
23.000000
-2273.000000
1560.000000
-26715.000000
299.000000
356.524536
-71.370941
0.000000
337.000000
23.000000
-2249.000000
1529.000000
-26728.000000
298.000000
389.889618
-55.473839
0.000000
337.000000
23.000000
-2326.000000
1676.000000
-26762.000000
289.000000
425.483429
-27.407600
0.000000
338.000000
23.000000
-2398.000000
1852.000000
-26759.000000
289.000000
457.302032
-8.907303
0.000000
338.000000
23.000000
-2493.000000
1870.000000
-26793.000000
276.000000
462.128723
-3.545572
0.000000
339.000000
23.000000
-2643.000000
1897.000000
-26808.000000
276.000000
456.072693
4.451690
0.000000
339.000000
23.000000
-2698.000000
2135.000000
-26836.000000
276.000000
442.004028
39.266579
0.000000
340.000000
23.000000
-2850.000000
2306.000000
-26845.000000
315.000000
449.752411
40.739807
0.000000
340.000000
23.000000
-3007.000000
2295.000000
-26856.000000
333.000000
452.474579
31.497484
0.000000
340.000000
23.000000
-3202.000000
2188.000000
-26863.000000
333.000000
461.251740
38.602554
0.000000
341.000000
23.000000
-3423.000000
1482.000000
-26863.000000
291.000000
460.481293
42.252220
0.000000
342.000000
23.000000
-3509.000000
1000.000000
-26823.000000
304.000000
438.913361
56.340775
0.000000
342.000000
23.000000
-3547.000000
644.000000
-26793.000000
304.000000
419.265442
76.075600
0.000000
343.000000
23.000000
-3489.000000
29.000000
-26769.000000
402.000000
442.581207
104.368431
0.000000
343.000000
23.000000
-3370.000000
-465.000000
-26764.000000
422.000000
470.919006
129.454071
0.000000
344.000000
23.000000
-3337.000000
-821.000000
-26754.000000
437.000000
511.939545
157.365921
0.000000
344.000000
23.000000
-3263.000000
-1060.000000
-26765.000000
437.000000
507.536194
164.150604
0.000000
345.000000
23.000000
-3099.000000
-1262.000000
-26768.000000
457.000000
472.797150
175.357071
0.000000
345.000000
23.000000
-2553.000000
-1580.000000
-26743.000000
457.000000
455.553894
184.956024
0.000000
346.000000
23.000000
-1987.000000
-1807.000000
-26716.000000
478.000000
490.159576
183.773590
0.000000
346.000000
23.000000
-1185.000000
-2020.000000
-26643.000000
478.000000
509.913483
181.523804
0.000000
347.000000
23.000000
-436.000000
-2267.000000
-26544.000000
482.000000
534.417908
175.269073
0.000000
347.000000
23.000000
38.000000
-2352.000000
-26476.000000
482.000000
507.402069
133.512421
0.000000
348.000000
23.000000
352.000000
-2326.000000
-26402.000000
491.000000
498.877075
103.488564
0.000000
348.000000
23.000000
377.000000
-2297.000000
-26364.000000
504.000000
474.376556
79.229378
0.000000
349.000000
23.000000
225.000000
-2162.000000
-26335.000000
504.000000
452.139252
67.773514
0.000000
349.000000
23.000000
72.000000
-1898.000000
-26319.000000
520.000000
426.281036
62.187843
0.000000
350.000000
23.000000
-99.000000
-1680.000000
-26322.000000
520.000000
415.329681
45.052387
0.000000
350.000000
23.000000
-513.000000
-1301.000000
-26374.000000
530.000000
416.492462
30.146297
0.000000
351.000000
23.000000
-759.000000
-1111.000000
-26412.000000
596.000000
412.449097
16.838453
0.000000
351.000000
23.000000
-1244.000000
-855.000000
-26471.000000
562.000000
450.758820
26.564167
0.000000
352.000000
23.000000
-1610.000000
-764.000000
-26512.000000
562.000000
442.757172
25.812820
0.000000
352.000000
23.000000
-1984.000000
-642.000000
-26549.000000
562.000000
432.684845
7.610869
0.000000
353.000000
23.000000
-2619.000000
-392.000000
-26607.000000
562.000000
455.234833
3.962943
0.000000
353.000000
23.000000
-2963.000000
-299.000000
-26646.000000
579.000000
457.938141
7.788757
0.000000
353.000000
23.000000
-3285.000000
-243.000000
-26679.000000
579.000000
469.649078
7.983069
0.000000
354.000000
23.000000
-3598.000000
-153.000000
-26714.000000
527.000000
468.374695
3.425514
0.000000
354.000000
23.000000
-4004.000000
13.000000
-26734.000000
499.000000
439.206177
2.145601
0.000000
355.000000
23.000000
-4189.000000
160.000000
-26748.000000
499.000000
377.645142
-1.978537
0.000000
355.000000
23.000000
-4239.000000
306.000000
-26747.000000
474.000000
366.788818
5.456150
0.000000
355.000000
23.000000
-4215.000000
464.000000
-26750.000000
474.000000
333.387421
9.679086
0.000000
356.000000
23.000000
-4179.000000
509.000000
-26758.000000
452.000000
326.026367
6.259706
0.000000
356.000000
23.000000
-4130.000000
590.000000
-26768.000000
452.000000
333.336945
-3.057446
0.000000
357.000000
23.000000
-4116.000000
774.000000
-26748.000000
426.000000
341.030396
-0.562512
0.000000
357.000000
23.000000
-3975.000000
871.000000
-26708.000000
426.000000
361.549225
-8.659254
0.000000
357.000000
23.000000
-3849.000000
807.000000
-26669.000000
399.000000
384.142456
-27.485222
0.000000
357.000000
23.000000
-3676.000000
964.000000
-26645.000000
375.000000
396.646149
-19.932625
0.000000
358.000000
23.000000
-3203.000000
1157.000000
-26582.000000
353.000000
381.320129
-10.553503
0.000000
358.000000
23.000000
-2580.000000
958.000000
-26674.000000
353.000000
365.215149
-21.798347
0.000000
359.000000
23.000000
-2178.000000
712.000000
-26869.000000
331.000000
393.331970
-17.563623
0.000000
359.000000
23.000000
-1686.000000
745.000000
-27255.000000
312.000000
472.162415
5.414266
0.000000
359.000000
23.000000
-1438.000000
846.000000
-27636.000000
312.000000
554.218201
-17.532587
0.000000
360.000000
23.000000
-1153.000000
1126.000000
-28186.000000
291.000000
647.827881
9.466772
0.000000
361.000000
23.000000
-694.000000
1364.000000
-29053.000000
273.000000
681.971741
20.349506
0.000000
362.000000
23.000000
-110.000000
1851.000000
-30884.000000
241.000000
643.089844
25.598953
0.000000
363.000000
23.000000
-159.000000
1826.000000
-32584.000000
228.000000
428.494537
15.195246
0.000000
364.000000
23.000000
-421.000000
1562.000000
-33641.000000
208.000000
390.284882
-42.357388
0.000000
365.000000
23.000000
-899.000000
1195.000000
-34869.000000
201.000000
352.690796
45.605511
0.000000
366.000000
23.000000
-1272.000000
745.000000
-36368.000000
185.000000
333.090240
69.137016
0.000000
367.000000
23.000000
-1366.000000
597.000000
-37844.000000
178.000000
386.610077
73.553406
0.000000
368.000000
23.000000
-1163.000000
588.000000
-39235.000000
176.000000
377.595215
88.736435
0.000000
369.000000
23.000000
-1069.000000
484.000000
-40975.000000
173.000000
387.314026
150.948608
0.000000
370.000000
23.000000
-985.000000
591.000000
-42553.000000
176.000000
399.671783
208.925140
0.000000
371.000000
23.000000
-349.000000
722.000000
-44078.000000
177.000000
372.968170
237.662201
0.000000
372.000000
23.000000
2560.000000
2192.000000
-44979.000000
182.000000
668.831909
479.776794
0.000000
373.000000
23.000000
5675.000000
3610.000000
-44776.000000
192.000000
902.095276
587.099304
0.000000
375.000000
23.000000
6176.000000
4095.000000
-44775.000000
186.000000
714.360413
432.851776
0.000000
375.000000
22.000000
6352.000000
3763.000000
-45384.000000
186.000000
482.439514
321.616760
0.000000
377.000000
22.000000
5076.000000
3056.000000
-46760.000000
215.000000
312.806244
271.710754
0.000000
378.000000
22.000000
4368.000000
1941.000000
-49535.000000
185.000000
68.511444
208.921371
0.000000
379.000000
22.000000
4176.000000
735.000000
-52889.000000
185.000000
-222.439163
224.153381
0.000000
379.000000
22.000000
2615.000000
-996.000000
-55727.000000
211.000000
-266.611053
245.151367
0.000000
381.000000
22.000000
800.000000
-2367.000000
-58491.000000
187.000000
-385.577423
332.073242
0.000000
382.000000
22.000000
1455.000000
-2721.000000
-60191.000000
186.000000
-491.284149
427.802704
0.000000
382.000000
22.000000
3032.000000
-2067.000000
-62017.000000
188.000000
-536.413818
344.955536
0.000000
384.000000
22.000000
4274.000000
-1305.000000
-63741.000000
192.000000
-433.526642
175.643936
0.000000
385.000000
22.000000
4482.000000
-644.000000
-65170.000000
192.000000
-293.489838
155.203857
0.000000
386.000000
22.000000
5074.000000
359.000000
-66424.000000
80.000000
-238.135498
175.342865
0.000000
387.000000
22.000000
5896.000000
1087.000000
-66876.000000
80.000000
-217.247299
47.843403
0.000000
388.000000
22.000000
5770.000000
1466.000000
-66709.000000
94.000000
-226.799103
-50.061897
0.000000
389.000000
22.000000
5276.000000
1465.000000
-66402.000000
97.000000
-296.801056
-42.734413
0.000000
390.000000
21.000000
5171.000000
1500.000000
-65918.000000
97.000000
-366.532196
-10.939684
0.000000
391.000000
21.000000
5425.000000
1600.000000
-65257.000000
112.000000
-371.848022
2.163926
0.000000
392.000000
21.000000
5245.000000
1574.000000
-64523.000000
117.000000
-356.584656
-22.179424
0.000000
392.000000
21.000000
4804.000000
1647.000000
-63753.000000
127.000000
-366.037384
-78.744133
0.000000
393.000000
21.000000
4416.000000
1539.000000
-63357.000000
127.000000
-444.149963
-134.225922
0.000000
395.000000
21.000000
4109.000000
1400.000000
-63454.000000
138.000000
-477.935547
-151.409103
0.000000
396.000000
21.000000
3003.000000
1131.000000
-64534.000000
110.000000
-436.095886
-215.025177
0.000000
396.000000
21.000000
2044.000000
932.000000
-65879.000000
102.000000
-443.217590
-293.331116
0.000000
398.000000
21.000000
1226.000000
763.000000
-68449.000000
116.000000
-463.922882
-254.139008
0.000000
399.000000
21.000000
757.000000
1190.000000
-71212.000000
134.000000
-510.462067
-140.659775
0.000000
400.000000
21.000000
-164.000000
1694.000000
-74802.000000
169.000000
-608.078247
-118.148972
0.000000
401.000000
21.000000
-1241.000000
1489.000000
-77887.000000
175.000000
-699.133972
-123.505112
0.000000
402.000000
21.000000
-1583.000000
1242.000000
-80374.000000
155.000000
-791.468811
-117.273827
0.000000
403.000000
21.000000
-2009.000000
1020.000000
-82362.000000
177.000000
-869.810730
-94.462250
0.000000
404.000000
20.000000
-2532.000000
1000.000000
-83926.000000
197.000000
-844.084717
-102.278816
0.000000
404.000000
20.000000
-2599.000000
1344.000000
-85617.000000
194.000000
-863.404480
-106.242249
0.000000
406.000000
20.000000
-1187.000000
2387.000000
-87111.000000
169.000000
-839.468811
-87.844505
0.000000
407.000000
20.000000
741.000000
3532.000000
-88476.000000
146.000000
-719.592834
-103.709465
0.000000
408.000000
20.000000
2638.000000
3954.000000
-89919.000000
164.000000
-651.971863
-107.183083
0.000000
409.000000
20.000000
3925.000000
3654.000000
-91283.000000
161.000000
-625.888550
-107.666092
0.000000
410.000000
20.000000
4433.000000
3114.000000
-92522.000000
104.000000
-661.783630
-101.206688
0.000000
411.000000
20.000000
4509.000000
2297.000000
-94440.000000
111.000000
-613.725098
-83.569519
0.000000
413.000000
20.000000
3716.000000
1293.000000
-96686.000000
173.000000
-636.603333
-107.141762
0.000000
413.000000
20.000000
2368.000000
-10.000000
-98731.000000
103.000000
-670.381165
-145.362732
0.000000
414.000000
20.000000
1791.000000
-826.000000
-100631.000000
129.000000
-685.302795
-142.912079
0.000000
415.000000
19.000000
1220.000000
-905.000000
-102186.000000
151.000000
-683.483215
-87.327629
0.000000
416.000000
19.000000
222.000000
-1123.000000
-104037.000000
121.000000
-679.290100
-103.638763
0.000000
418.000000
19.000000
-656.000000
-1641.000000
-106034.000000
174.000000
-725.377380
-156.724609
0.000000
419.000000
19.000000
-152.000000
-1282.000000
-111045.000000
171.000000
-2775.045654
906.346375
0.000000
420.000000
19.000000
1039.000000
-2653.000000
-119254.000000
194.000000
-3936.564697
1458.218140
0.000000
421.000000
19.000000
2248.000000
-3668.000000
-125767.000000
139.000000
-2901.392334
1021.321960
0.000000
422.000000
19.000000
3023.000000
-4258.000000
-129934.000000
130.000000
-2149.322266
685.220947
0.000000
423.000000
19.000000
3429.000000
-4108.000000
-132521.000000
126.000000
-1553.501343
424.916565
0.000000
424.000000
19.000000
3259.000000
-3268.000000
-133393.000000
105.000000
-1042.288940
180.649536
0.000000
425.000000
